Using c.buf_max=None.
Allowed losses: 1.0
   tot_arrival_t  tot_service_t  wasted_t  arrival_0,t  cwnd_0,t  service_0,t  losts_0,t  arrival_1,t  cwnd_1,t  service_1,t  losts_1,t   queue_t  bottle_queue_t  qdelay  tot_cwnd_t  single_rocc_arrival_t  single_rocc_cwnd_t  diff_service_1,t  diff_service_0,t  diff_tot_service_t  diff_arrival_1,t  diff_arrival_0,t  diff_tot_arrival_t  queue_0,t  queue_1,t
0        -394.97       -843.970    843.97      -294.72     1.000     -743.720       49.0      -100.25      1.00     -100.250        0.0   400.000          400.00     9.0       2.000                -394.97              -1.000            -1.000            -1.000              -1.000             -1.00             -1.00               -1.00    400.000      0.000
1        -394.77       -743.970    843.97      -294.62   400.100     -643.820       49.0      -100.15      0.10     -100.150        0.0   300.200          300.20     7.0     400.200                -394.77              -1.000             0.100            99.900             100.000              0.10              0.10                0.20    300.200      0.000
2        -269.32       -743.870    843.97      -294.62     0.100     -643.720       49.0        25.30    125.45     -100.150        0.0   425.550          325.65     6.0     125.550                -269.32              -1.000             0.000             0.100               0.100            125.45              0.00              125.45    300.100    125.450
3        1105.13       -543.970    843.97      -294.62     0.100     -543.970       49.0      1399.75   1499.90        0.000        0.0  1600.100         1600.10     7.0    1500.000                1105.13              -1.000           100.150            99.750             199.900           1374.45              0.00             1374.45    200.350   1399.750
4        1105.13       -443.970    843.97      -294.62   200.250     -469.370       49.0      1399.75    100.75       25.400        0.0  1500.100         1500.10     5.0     301.000                1105.13             300.000            25.400            74.600             100.000              0.00              0.00                0.00    125.750   1374.350
5        1154.33       -443.970    843.97      -245.42   174.950     -469.370       49.0      1399.75    126.05       25.400        0.0  1549.300         1449.30     5.0     301.000                1105.13             300.000             0.000             0.000               0.000              0.00             49.20               49.20    174.950   1374.350
6        1154.33       -269.120    843.97      -245.42   174.850     -294.520       49.0      1399.75    126.05       25.400        0.0  1374.450         1349.30     3.0     300.900                1105.13             299.900             0.000           174.850             174.850              0.00              0.00                0.00      0.100   1374.350
7        1404.18       -181.345    843.97         4.43   249.950     -206.745       49.0      1399.75     25.90       25.400        0.0  1536.525         1499.15     4.0     275.850                1105.13             274.850             0.000            87.775              87.775              0.00            249.85              249.85    162.175   1374.350
8        1505.13       -143.970    843.97       105.38   263.125     -206.745       49.0      1399.75      0.50       62.775        0.0  1600.100         1500.10     5.0     263.625                1105.13             262.625            37.375             0.000              37.375              0.00            100.95              100.95    263.125   1336.975
high_util=True, low_delay=False, ramp_up=True, ramp_down=False.
[[0 0 0 0 0 0 0 0 0]
 [0 0 0 0 0 0 0 1 0]
 [0 0 0 0 0 0 1 0 0]
 [0 0 0 0 0 0 0 1 0]
 [0 0 0 0 0 1 0 0 0]
 [0 0 0 0 0 1 0 0 0]
 [0 0 0 1 0 0 0 0 0]
 [0 0 0 0 1 0 0 0 0]
 [0 0 0 0 0 1 0 0 0]]
