Using c.buf_max=None.
   tot_arrival_t  tot_service_t  wasted_t  arrival_0,t  cwnd_0,t  service_0,t  losts_0,t   queue_t  bottle_queue_t  qdelay
0       300.0125      -200.0000  200.0000     300.0125    0.0025    -200.0000        0.0  500.0125        500.0125     9.0
1       300.0125      -200.0000  200.0000     300.0125    0.0025    -200.0000        0.0  500.0125        400.0125     9.0
2       300.0125         0.0000  200.0000     300.0125  500.0100       0.0000        0.0  300.0125        300.0125     6.0
3       300.0125       100.0000  200.0000     300.0125    0.0150     100.0000        0.0  200.0125        200.0125     7.0
4       300.0125       200.0000  200.0000     300.0125    0.0100     200.0000        0.0  100.0125        100.0125     9.0
5       300.0125       300.0000  200.0000     300.0125    0.0100     300.0000        0.0    0.0125          0.0125     6.0
6       300.0125       300.0100  299.9875     300.0125    0.0100     300.0100        0.0    0.0025          0.0000     7.0
7       300.0200       300.0125  399.9800     300.0200    0.0100     300.0125        0.0    0.0075          0.0000     7.0
8       300.0225       300.0225  499.9775     300.0225    0.0100     300.0225        0.0    0.0000          0.0000     0.0
high_util=False, low_delay=True, ramp_up=False, ramp_down=True.
