Using c.buf_max=None.
   tot_arrival_t  tot_service_t  wasted_t  arrival_0,t  cwnd_0,t  service_0,t  losts_0,t  queue_t  bottle_queue_t  qdelay  last_decrease_f  this_decrease  exceed_queue_f  qbound_thresh_f
0            0.0         -106.1     106.1          0.0      10.0       -106.1        0.0    106.1           106.1     9.0           -106.1           -1.0            -1.0              1.0
1            0.0          -12.1     106.1          0.0      11.0        -12.1        0.0     12.1             6.1     4.0           -106.1            0.0             1.0              0.0
2            0.0           -6.1     200.0          0.0      12.0         -6.1        0.0      6.1             0.0     5.0           -106.1            0.0             0.0              1.0
3            0.0            0.0     300.0          0.0       6.0          0.0        0.0      0.0             0.0     3.0              0.0            1.0             1.0              0.0
4            7.0            0.1     393.0          7.0       7.0          0.1        0.0      6.9             0.0     0.0              0.0            0.0             0.0              0.0
5            8.1            8.0     483.0          8.1       8.0          8.0        0.0      0.1            -8.9     0.0              0.0            0.0             0.0              0.0
6           17.0           17.0     583.0         17.0       9.0         17.0        0.0      0.0             0.0     0.0              0.0            0.0             0.0              0.0
7           27.0           17.0     673.0         27.0      10.0         17.0        0.0     10.0             0.0     0.0              0.0            0.0             0.0              0.0
8           28.0           27.0     772.0         28.0      11.0         27.0        0.0      1.0             0.0     1.0              0.0            0.0             0.0              0.0
high_util=False, low_delay=True, ramp_up=False, ramp_down=True.
