Using c.buf_max=None.
   tot_arrival_t  tot_service_t  wasted_t  arrival_0,t  cwnd_0,t  service_0,t  losts_0,t  queue_t  bottle_queue_t  qdelay  last_decrease_f  this_decrease  exceed_queue_f  qbound_thresh_f
0           0.00       -1816.02       0.0         0.00   1713.92     -1816.02        0.0  1816.02         1716.02     7.0              0.0           -1.0            -1.0             -1.0
1           0.00       -1716.02       0.0         0.00   1714.92     -1716.02        0.0  1716.02         1616.02     1.0              0.0            0.0             1.0              0.0
2           0.00       -1616.02       0.0         0.00   1715.92     -1616.02        0.0  1616.02         1516.02     2.0              0.0            0.0             0.0              0.0
3         100.90       -1499.20       0.0       100.90   1716.92     -1499.20        0.0  1600.10         1516.92     3.0              0.0            0.0             0.0              0.0
4         218.72       -1381.38       0.0       218.72   1717.92     -1381.38        0.0  1600.10         1534.74     4.0              0.0            0.0             0.0              0.0
5         337.54       -1262.56       0.0       337.54   1718.92     -1262.56        0.0  1600.10         1553.56     5.0              0.0            0.0             0.0              1.0
6         457.36       -1142.74       0.0       457.36   1719.92     -1142.74        0.0  1600.10         1573.38     6.0              0.0            0.0             1.0              1.0
7         578.18       -1021.92       0.0       578.18   1720.92     -1021.92        0.0  1600.10         1594.20     7.0              0.0            0.0             1.0              1.0
8         700.00        -916.02       0.0       700.00   1721.92      -916.02        0.0  1616.02         1616.02     9.0              0.0            0.0             1.0              1.0
high_util=True, low_delay=False, ramp_up=True, ramp_down=False.
