Using c.buf_max=None.
   tot_arrival_t  tot_service_t  wasted_t  arrival_0,t  cwnd_0,t  service_0,t  losts_0,t  queue_t  bottle_queue_t  qdelay  last_decrease_f  this_decrease  exceed_queue_f  qbound_thresh_f
0           -0.1         -300.0     200.0         -0.1       0.1       -300.0        0.0    299.9           199.9     7.0           -300.0           -1.0            -1.0             -1.0
1           99.9         -200.0     200.0         99.9     399.9       -200.0        0.0    299.9           199.9     9.0           -200.0            1.0             1.0              1.0
2          303.1            0.0     200.0        303.1     503.1          0.0        0.0    303.1           303.1     1.0              0.0            0.0             1.0              0.0
3          303.1          100.0     200.0        303.1       3.0        100.0        0.0    203.1           203.1     1.0            100.0            0.0             0.0              0.0
4          303.1          200.0     200.0        303.1       4.0        200.0        0.0    103.1           103.1     2.0            100.0            0.0             0.0              0.0
5          303.1          297.0     200.0        303.1       5.0        297.0        0.0      6.1             3.1     3.0            100.0            0.0             0.0              0.0
6          303.1          300.0     296.9        303.1       6.0        300.0        0.0      3.1             0.0     4.0            100.0            0.0             0.0              1.0
7          303.1          303.1     396.8        303.1       3.0        303.1        0.0      0.0            -0.1     5.0            303.1            1.0             1.0              1.0
8          307.1          303.2     492.9        307.1       4.0        303.2        0.0      3.9             0.0     0.0            303.1            0.0             1.0              0.0
high_util=False, low_delay=True, ramp_up=False, ramp_down=True.
