Using c.buf_max=None.
   tot_arrival_t  tot_service_t  wasted_t  arrival_0,t  cwnd_0,t  service_0,t  losts_0,t  queue_t  bottle_queue_t  qdelay  last_decrease_f  this_decrease  exceed_queue_f  qbound_thresh_f
0            0.0         -300.1     200.1          0.0      10.0       -300.1        0.0    300.1           200.1     2.0           -300.1           -1.0            -1.0              0.0
1            0.0         -100.1     200.1          0.0      11.0       -100.1        0.0    100.1           100.1     3.0           -300.1            0.0             0.0              0.0
2            0.0         -100.0     200.1          0.0      12.0       -100.0        0.0    100.0             0.1     4.0           -300.1            0.0             0.0              1.0
3            0.0           -0.1     299.9          0.0       6.0         -0.1        0.0      0.1            -0.1     3.0              0.0            1.0             1.0              0.0
4            6.9            0.1     393.1          6.9       7.0          0.1        0.0      6.8             0.0     0.0              0.0            0.0             0.0              0.0
5            8.1            7.0     491.9          8.1       8.0          7.0        0.0      1.1             0.0     0.0              0.0            0.0             0.0              0.0
6           16.0            9.7     580.4         16.0       9.0          9.7        0.0      6.3            -3.6     0.0              0.0            0.0             0.0              0.0
7           19.7           19.6     680.3         19.7      10.0         19.6        0.0      0.1             0.0     0.0              0.0            0.0             0.0              0.0
8           30.6           19.8     769.4         30.6      11.0         19.8        0.0     10.8             0.0     0.0              0.0            0.0             0.0              0.0
high_util=False, low_delay=True, ramp_up=False, ramp_down=True.
