Using c.buf_max=None.
   tot_arrival_t  tot_service_t  wasted_t  arrival_0,t  cwnd_0,t  service_0,t  losts_0,t  queue_t  bottle_queue_t  qdelay  last_decrease_f  this_decrease  exceed_queue_f  qbound_thresh_f
0           0.00        -299.90    199.90         0.00    233.96      -299.90        0.0   299.90          199.90     3.0          -299.90           -1.0            -1.0              0.0
1           0.00        -117.58    199.90         0.00    234.96      -117.58        0.0   117.58           99.90     4.0          -299.90            0.0             0.0              1.0
2           0.00           0.00    200.00         0.00    117.48         0.00        0.0     0.00            0.00     4.0             0.00            1.0             1.0              1.0
3          58.74          58.74    241.26        58.74     58.74        58.74        0.0     0.00            0.00     0.0            58.74            1.0             1.0              0.0
4         118.48          58.74    280.62       118.48     59.74        58.74        0.0    59.74           -0.90     0.0            58.74            0.0             0.0              0.0
5         119.48         119.38    380.42       119.48     60.74       119.38        0.0     0.10           -0.10     0.0            58.74            0.0             0.0              0.0
6         181.12         119.58    418.88       181.12     61.74       119.58        0.0    61.54            0.00     0.0            58.74            0.0             0.0              0.0
7         182.32         181.12    517.68       182.32     62.74       181.12        0.0     1.20            0.00     1.0            58.74            0.0             0.0              0.0
8         244.86         182.32    517.78       244.86     63.74       182.32        0.0    62.54          -37.36     1.0            58.74            0.0             0.0              0.0
high_util=False, low_delay=True, ramp_up=False, ramp_down=True.
