    tot_arrival_t  tot_service_t  wasted_t  arrival_0,t   cwnd_0,t  service_0,t  losts_0,t  arrival_1,t  cwnd_1,t  service_1,t  losts_1,t    queue_t  bottle_queue_t  tot_cwnd_t  arrival_rocc_t  cwnd_rocc_t  diff_service_0,t  diff_service_1,t  diff_tot_service_t  diff_arrival_0,t  diff_arrival_1,t  diff_tot_arrival_t  queue_0,t  queue_1,t
0       -115.7875     -115.88750  -202.975     490.9375    0.02500    490.88750        0.0     -606.725     0.025     -606.775        0.0    0.10000           0.100     0.05000       -115.7875     -1.00000          -1.00000            -1.000            -1.00000            -1.000            -1.000              -1.000    0.05000      0.050
1       -115.7875     -115.86250  -112.075     490.9375    0.02500    490.91250        0.0     -606.725     0.025     -606.775        0.0    0.07500          -9.000     0.05000       -115.7875     -1.00000           0.02500             0.000             0.02500             0.000             0.000               0.000    0.02500      0.050
2         -6.7625       -6.93750  -112.075     599.7125  108.80000    599.71250        0.0     -606.475     0.300     -606.650        0.0    0.17500           0.025   109.10000         -6.7625     -1.00000         108.80000             0.125           108.92500           108.775             0.250             109.025    0.00000      0.175
3         81.3875       -6.78750  -101.000     687.8625   88.15000    599.71250        0.0     -606.475     0.025     -606.500        0.0   88.17500          -0.750    88.17500         81.3875     -1.00000           0.00000             0.150             0.15000            88.150             0.000              88.150   88.15000      0.025
4        103.3125       82.13750   -22.175     709.0375  109.32500    687.88750        0.0     -605.725     0.775     -605.750        0.0   21.17500           0.000   110.10000        102.3125    109.10000          88.17500             0.750            88.92500            21.175             0.750              21.925   21.15000      0.025
5        281.1375      136.57500   -22.175     885.3625  197.47500    742.27500        0.0     -604.225     1.525     -605.700        0.0  144.56250          77.825   199.00000        280.1375    198.00000          54.38750             0.050            54.43750           176.325             1.500             177.825  143.08750      1.475
6        281.1375      203.31250     0.000     885.3625  143.06250    808.93750        0.0     -604.225     1.450     -605.625        0.0   77.82500           0.000   144.51250        280.1375    143.51250          66.66250             0.075            66.73750             0.000             0.000               0.000   76.42500      1.400
7        414.4375      281.13750     0.000    1018.6625  209.72500    885.36250        0.0     -604.225     1.375     -604.225        0.0  133.30000          33.300   211.10000        413.4125    210.10000          76.42500             1.400            77.82500           133.300             0.000             133.300  133.30000      0.000
8        481.1375      447.76875     0.000    1083.3375  197.97500   1049.99375        0.0     -602.200     2.025     -602.225        0.0   33.36875           0.000   200.00000        480.1375    199.00000         164.63125             2.000           166.63125            64.675             2.025              66.700   33.34375      0.025
9        759.9625      481.13750     0.000    1358.2125  308.21875   1083.33750        0.0     -598.250     3.975     -602.200        0.0  278.82500         178.825   312.19375        758.9625    311.19375          33.34375             0.025            33.36875           274.875             3.950             278.825  274.87500      3.950
10       759.9875      679.96250     0.000    1358.2375  274.90000   1282.13750        0.0     -598.250     3.925     -602.175        0.0   80.02500          78.850   278.82500        758.9625    277.82500         198.80000             0.025           198.82500             0.025             0.000               0.025   76.10000      3.925
11      1081.1625      681.13750     0.000    1679.4125  397.27500   1283.31250        0.0     -598.250     2.550     -602.175        0.0  400.02500         300.025   399.82500       1078.7875    398.82500           1.17500             0.000             1.17500           321.175             0.000             321.175  396.10000      3.925
fefficient=True, bounded_queue=True, bounded_loss_count=True, bounded_loss_amount=True, loss_count=0, loss_amount=0, 
, atleast_one_outside=False, none_degrade=False, atleast_one_moves_inside=False, init_inside=True, final_inside=False
cwnd: [100, 600]
queue: [0, 400].
[[0 0 0 0 0 1 0 0 0 0 0 0]
 [0 0 0 0 0 1 0 0 0 0 0 0]
 [1 0 0 0 0 0 0 0 0 0 0 0]
 [0 1 0 0 0 0 0 0 0 0 0 0]
 [1 0 0 0 0 0 0 0 0 0 0 0]
 [1 0 0 0 0 0 0 0 0 0 0 0]
 [0 1 0 0 0 0 0 0 0 0 0 0]
 [0 0 1 0 0 0 0 0 0 0 0 0]
 [1 0 0 0 0 0 0 0 0 0 0 0]
 [0 1 0 0 0 0 0 0 0 0 0 0]
 [0 1 0 0 0 0 0 0 0 0 0 0]
 [0 0 1 0 0 0 0 0 0 0 0 0]]
Done
